{
    "ch": "market.btcusdt.detail",
    "status": "ok",
    "ts": 1629795484817,
    "tick": {
        "id": 272164011416,
        "low": 48767.0,
        "high": 50500.0,
        "open": 50266.89,
        "close": 49728.71,
        "vol": 6.010379336834868E8,
        "amount": 12110.642402972368,
        "version": 272164011416,
        "count": 420452
    }
}