{
    "ch":"market.ethbtc.kline.1min",
    "ts":1630981694370,
    "tick":{
        "id":1630981680,
        "open":0.074849,
        "close":0.074848,
        "low":0.074848,
        "high":0.074849,
        "amount":2.4448,
        "vol":0.1829884187,
        "count":3
    }
}