{
    "ch": "market.btcusdt.kline.5min",
    "status": "ok",
    "ts": 1629769247172,
    "data": [
        {
            "id": 1629769200,
            "open": 49056.37,
            "close": 49025.51,
            "low": 49022.86,
            "high": 49056.38,
            "amount": 3.946281917950917,
            "vol": 193489.67275732,
            "count": 196
        },
        {
            "id": 1629768900,
            "open": 48994.61,
            "close": 49056.37,
            "low": 48966.72,
            "high": 49072.46,
            "amount": 30.72223099519689,
            "vol": 1505870.732227976,
            "count": 1504
        }
    ]
}